Product Title
Argan oil
Avocado Oil
Beetroot Powder
Butter Night Cream
Cherry Powder
Dry Facewash Powder
Egg White Powder
Extra Virgin Olive Oil
Hair Protien Pack
Hair Regrowth Mask
Kojic Acid Powder
Licorice Powder
MIx Clay
Mixed Fruits Powder
Mulberry Powder
Multani Matti
